4294967278,260
4294967278,62
4294967278,61
4294967278,60
4294967278,59
4294967278,58
4294967278,57
4294967278,56
4294967278,55
4294967278,54
4294967278,53
4294967278,52
4294967278,51
4294967278,344
4294967278,50
4294967278,49
4294967278,48
4294967278,47
4294967278,46
4294967278,398
4294967278,45
4294967278,296
4294967278,44
4294967278,43
4294967278,42
4294967278,41
4294967278,40
4294967278,39
4294967278,38
4294967278,37
4294967278,36
4294967278,35
4294967279,87
4294967279,85
4294967279,83
4294967279,80
4294967279,78
4294967279,77
4294967279,75
4294967279,74
4294967279,72
4294967279,70
4294967279,69
4294967279,68
4294967279,67
4294967279,65
4294967279,63
4294967279,61
4294967279,59
4294967279,57
4294967279,56
4294967279,55
4294967279,54
4294967279,538
4294967279,52
4294967279,51
4294967279,50
4294967279,49
4294967279,47
4294967279,46
4294967279,45
4294967279,44
4294967279,43
4294967279,42
4294967279,41
4294967279,37
4294967279,35
4294967279,34
4294967279,31
4294967279,29
4294967279,25
4294967279,23
4294967279,22
4294967279,20
4294967279,19
4294967279,17
4294967279,16
4294967279,15
4294967279,14
4294967279,11
4294967279,10
4294967279,8
4294967294,18
4294967294,127
4294967294,14
4294967294,126
4294967294,20
4294967294,13
4294967294,166
4294967294,24
4294967294,104
4294967294,106
4294967294,119
4294967279,536
4294967294,30
4294967294,942
4294967294,941
4294967294,939
4294967294,938
4294967294,933
4294967294,922
4294967294,436
4294967294,158
4294967294,157
4294967294,156
4294967294,155
4294967294,60
4294967279,553
4294967294,437
4294967278,376
4294967279,309
4294967278,315
4294967279,307
4294967278,312
308,5
4294967278,195
308,4
308,3
308,2
308,1
4294967279,302
4294967279,352
4294967279,0
4294967279,190
4294967278,188
4294967278,184
4294967279,333
305,4
4294967278,178
305,3
305,2
305,1
4294967278,373
4294967279,178
4294967294,1418
304,4
304,3
304,2
304,1
4294967278,172
4294967294,1417
4294967279,340
303,6
4294967278,362
4294967278,361
303,5
303,4
303,3
303,2
303,1
4294967294,387
4294967279,161
4294967278,161
302,5
302,4
302,3
302,2
302,1
4294967278,157
301,4
4294967279,153
301,3
301,2
301,1
4294967279,288
4294967294,1413
4294967294,914
4294967294,916
4294967294,182
4294967294,967
4294967294,911
4294967279,330
300,5
300,4
300,3
300,2
300,1
299,4
4294967279,142
299,3
299,2
299,1
0,7
4294967279,141
4294967278,390
4294967294,89
4294967294,392
4294967294,393
4294967294,390
4294967294,389
4294967294,114
4294967294,115
4294967294,120
4294967279,28
4294967279,568
4294967279,284
4294967279,276
4294967279,137
4294967278,388
4294967294,409
4294967294,178
4294967294,407
4294967294,385
4294967294,179
4294967294,919
4294967294,168
4294967294,402
4294967294,451
4294967294,468
4294967279,351
4294967278,333
4294967279,518
4294967278,332
4294967294,469
4294967279,268
4294967279,338
4294967278,337
4294967294,107
4294967279,271
4294967279,283
4294967278,288
4294967278,132
4294967278,386
4294967278,256
4294967278,355
4294967278,127
4294967278,125
4294967278,124
4294967278,123
4294967278,122
4294967278,121
4294967278,120
4294967278,119
4294967278,117
4294967278,116
4294967278,115
4294967278,114
4294967278,113
4294967278,112
4294967278,233
4294967278,110
4294967278,229
4294967278,401
4294967278,106
4294967278,105
4294967278,104
4294967278,103
4294967278,101
4294967278,352
4294967278,100
4294967278,351
4294967278,98
4294967278,97
4294967278,96
4294967278,95
4294967278,94
4294967278,93
4294967278,92
4294967278,91
4294967278,90
4294967278,89
4294967278,86
4294967278,85
4294967278,84
4294967278,83
4294967278,82
4294967278,81
4294967278,80
4294967278,79
4294967278,263
4294967278,78
4294967278,217
4294967278,77
4294967278,307
4294967278,76
4294967278,75
4294967278,400
4294967278,74
4294967278,73
4294967278,72
4294967278,71
4294967278,70
4294967278,69
4294967278,68
4294967278,67
4294967278,66
4294967278,65
4294967278,64
4294967278,63
4294967278,346
4294967279,86
4294967279,82
4294967279,81
4294967279,66
4294967279,64
4294967279,62
4294967279,60
4294967279,58
4294967279,53
4294967279,48
4294967279,40
4294967279,39
4294967279,38
4294967279,36
4294967279,33
4294967279,32
4294967279,30
4294967279,27
4294967279,26
4294967279,24
4294967279,21
4294967279,18
4294967279,13
4294967279,12
4294967279,9
4294967279,7
4294967279,6
4294967279,4
4294967279,516
4294967294,12
4294967294,421
4294967294,190
4294967294,163
4294967294,162
4294967294,11
4294967294,904
4294967294,186
4294967294,2
4294967294,903
4294967294,424
4294967278,318
4294967294,5
4294967278,131
4294967279,273
4294967294,0
4294967279,337
4294967278,264
4294967294,38
4294967294,37
4294967294,29
4294967294,921
4294967294,40
4294967294,36
4294967279,529
4294967278,393
4294967279,5
4294967279,281
298,5
298,4
298,3
298,2
298,1
4294967294,39
4294967294,22
4294967294,99
4294967294,76
4294967278,130
4294967278,399
4294967294,91
4294967294,90
4294967294,87
4294967294,86
4294967294,85
4294967294,84
4294967294,419
4294967294,949
4294967294,950
4294967294,28
4294967294,53
4294967294,45
4294967294,427
4294967294,44
4294967278,129
4294967278,128
4294967294,94
4294967294,96
4294967279,319
4294967294,9
4294967294,8
4294967294,42
4294967294,52
4294967294,946
4294967294,973
4294967294,51
